       #Time State   1   State   2   State   3   State   4        Norm
        0.00 0.000000000 1.000000000 0.000000000 0.000000000 1.000000000
        4.13 0.000000000 1.000000000 0.000000000 0.000000000 1.000000000
        8.26 0.000000000 1.000000000 0.000000000 0.000000000 1.000000000
       12.39 0.000000000 1.000000000 0.000000000 0.000000000 1.000000000
       16.52 0.000000000 1.000000000 0.000000000 0.000000000 1.000000000
       20.65 0.000000000 1.000000000 0.000000000 0.000000000 1.000000000
       24.78 0.000000000 1.000000000 0.000000000 0.000000000 1.000000000
       28.91 0.000000000 1.000000000 0.000000000 0.000000000 1.000000000
       33.04 0.000000000 1.000000000 0.000000000 0.000000000 1.000000000
       37.17 0.000000000 1.000000000 0.000000000 0.000000000 1.000000000
       41.30 0.000000000 1.000000000 0.000000000 0.000000000 1.000000000
       45.43 0.000000000 1.000000000 0.000000000 0.000000000 1.000000000
       49.56 0.000000000 1.000000000 0.000000000 0.000000000 1.000000000
       53.69 0.000000000 1.000000000 0.000000000 0.000000000 1.000000000
       57.82 0.000000000 1.000000000 0.000000000 0.000000000 1.000000000
       61.95 0.000000000 1.000000000 0.000000000 0.000000000 1.000000000
       66.08 0.000000000 1.000000000 0.000000000 0.000000000 1.000000000
       70.21 0.000000000 1.000000000 0.000000000 0.000000000 1.000000000
       74.34 0.000000000 1.000000000 0.000000000 0.000000000 1.000000000
       78.47 0.000000000 1.000000000 0.000000000 0.000000000 1.000000000
       82.60 0.000000000 1.000000000 0.000000000 0.000000000 1.000000000
       86.73 0.000000000 1.000000000 0.000000000 0.000000000 1.000000000
       90.86 0.000000000 1.000000000 0.000000000 0.000000000 1.000000000
       94.99 0.000000000 1.000000000 0.000000000 0.000000000 1.000000000
       99.12 0.000000000 1.000000000 0.000000000 0.000000000 1.000000000
      103.25 0.000000000 1.000000000 0.000000000 0.000000000 1.000000000
      107.38 0.000000000 1.000000000 0.000000000 0.000000000 1.000000000
      111.51 0.000000000 1.000000000 0.000000000 0.000000000 1.000000000
      115.64 0.000000000 1.000000000 0.000000000 0.000000000 1.000000000
      119.77 0.000000000 1.000000000 0.000000000 0.000000000 1.000000000
      123.90 0.000000000 1.000000000 0.000000000 0.000000000 1.000000000
      128.03 0.000000000 1.000000000 0.000000000 0.000000000 1.000000000
      132.16 0.000000000 1.000000000 0.000000000 0.000000000 1.000000000
      136.29 0.000000000 1.000000000 0.000000000 0.000000000 1.000000000
      140.42 0.000000000 1.000000000 0.000000000 0.000000000 1.000000000
      144.55 0.000000000 1.000000000 0.000000000 0.000000000 1.000000000
      148.68 0.000000000 1.000000000 0.000000000 0.000000000 1.000000000
      152.81 0.000000000 1.000000000 0.000000000 0.000000000 1.000000000
      156.94 0.000000000 1.000000000 0.000000000 0.000000000 1.000000000
      161.07 0.000000000 1.000000000 0.000000000 0.000000000 1.000000000
      165.20 0.000000000 1.000000000 0.000000000 0.000000000 1.000000000
      169.33 0.000000000 1.000000000 0.000000000 0.000000000 1.000000000
      173.46 0.000000000 1.000000000 0.000000000 0.000000000 1.000000000
      177.59 0.000000000 1.000000000 0.000000000 0.000000000 1.000000000
      181.72 0.000000000 1.000000000 0.000000000 0.000000000 1.000000000
      185.85 0.000000000 1.000000000 0.000000000 0.000000000 1.000000000
      189.98 0.000000000 1.000000000 0.000000000 0.000000000 1.000000000
      194.11 0.000000000 1.000000000 0.000000000 0.000000000 1.000000000
      198.24 0.000000000 1.000000000 0.000000000 0.000000000 1.000000000
      202.37 0.000000000 1.000000000 0.000000000 0.000000000 1.000000000
      206.50 0.000000000 1.000000000 0.000000000 0.000000000 1.000000000
      210.63 0.000000000 1.000000000 0.000000000 0.000000000 1.000000000
      214.76 0.000000000 1.000000000 0.000000000 0.000000000 1.000000000
      218.89 0.000000000 1.000000000 0.000000000 0.000000000 1.000000000
      223.02 0.000000000 1.000000000 0.000000000 0.000000000 1.000000000
      227.15 0.000000000 1.000000000 0.000000000 0.000000000 1.000000000
      231.28 0.000000000 1.000000000 0.000000000 0.000000000 1.000000000
      235.41 0.000000000 1.000000000 0.000000000 0.000000000 1.000000000
      239.54 0.000000000 1.000000000 0.000000000 0.000000000 1.000000000
      243.67 0.000000000 1.000000000 0.000000000 0.000000000 1.000000000
      247.80 0.000000000 1.000000000 0.000000000 0.000000000 1.000000000
      251.93 0.000000000 1.000000000 0.000000000 0.000000000 1.000000000
      256.06 0.000000000 1.000000000 0.000000000 0.000000000 1.000000000
      260.19 0.000000000 1.000000000 0.000000000 0.000000000 1.000000000
      264.32 0.000000000 1.000000000 0.000000000 0.000000000 1.000000000
      268.45 0.000000000 1.000000000 0.000000000 0.000000000 1.000000000
      272.58 0.000000000 1.000000000 0.000000000 0.000000000 1.000000000
      276.71 0.000000000 1.000000000 0.000000000 0.000000000 1.000000000
      280.84 0.000000000 1.000000000 0.000000000 0.000000000 1.000000000
      284.97 0.000000000 1.000000000 0.000000000 0.000000000 1.000000000
      289.10 0.000000000 1.000000000 0.000000000 0.000000000 1.000000000
      293.23 0.000000000 1.000000000 0.000000000 0.000000000 1.000000000
      297.36 0.000000000 1.000000000 0.000000000 0.000000000 1.000000000
      301.49 0.000000000 1.000000000 0.000000000 0.000000000 1.000000000
      305.62 0.000000000 1.000000000 0.000000000 0.000000000 1.000000000
      309.75 0.000000000 1.000000000 0.000000000 0.000000000 1.000000000
      313.88 0.000000000 1.000000000 0.000000000 0.000000000 1.000000000
      318.01 0.000000000 1.000000000 0.000000000 0.000000000 1.000000000
      322.14 0.000000000 1.000000000 0.000000000 0.000000000 1.000000000
      326.27 0.000000000 1.000000000 0.000000000 0.000000000 1.000000000
      330.40 0.000000000 1.000000000 0.000000000 0.000000000 1.000000000
      334.53 0.000000000 1.000000000 0.000000000 0.000000000 1.000000000
      338.66 0.000000000 1.000000000 0.000000000 0.000000000 1.000000000
      342.79 0.000000000 1.000000000 0.000000000 0.000000000 1.000000000
      346.92 0.000000000 1.000000000 0.000000000 0.000000000 1.000000000
      351.05 0.000000000 1.000000000 0.000000000 0.000000000 1.000000000
      355.18 0.000000000 1.000000000 0.000000000 0.000000000 1.000000000
      359.31 0.000000000 1.000000000 0.000000000 0.000000000 1.000000000
      363.44 0.000000000 1.000000000 0.000000000 0.000000000 1.000000000
      367.57 0.000000000 1.000000000 0.000000000 0.000000000 1.000000000
      371.70 0.000000000 1.000000000 0.000000000 0.000000000 1.000000000
      375.83 0.000000000 1.000000000 0.000000000 0.000000000 1.000000000
      379.96 0.000000000 1.000000000 0.000000000 0.000000000 1.000000000
      384.09 0.000000000 1.000000000 0.000000000 0.000000000 1.000000000
      388.22 0.000000000 1.000000000 0.000000000 0.000000000 1.000000000
      392.35 0.000000000 1.000000000 0.000000000 0.000000000 1.000000000
      396.48 0.000000000 1.000000000 0.000000000 0.000000000 1.000000000
      400.61 0.000000000 1.000000000 0.000000000 0.000000000 1.000000000
      404.74 0.000000000 1.000000000 0.000000000 0.000000000 1.000000000
      408.87 0.000000000 1.000000000 0.000000000 0.000000000 1.000000000
      413.00 0.000000000 1.000000000 0.000000000 0.000000000 1.000000000
      417.13 0.000000000 1.000000000 0.000000000 0.000000000 1.000000000
      421.26 0.000000000 1.000000000 0.000000000 0.000000000 1.000000000
      425.39 0.000000000 1.000000000 0.000000000 0.000000000 1.000000000
      429.52 0.000000000 1.000000000 0.000000000 0.000000000 1.000000000
      433.65 0.000000000 1.000000000 0.000000000 0.000000000 1.000000000
      437.78 0.000000000 1.000000000 0.000000000 0.000000000 1.000000000
      441.91 0.000000000 1.000000000 0.000000000 0.000000000 1.000000000
      446.04 0.000000000 1.000000000 0.000000000 0.000000000 1.000000000
      450.17 0.000000000 1.000000000 0.000000000 0.000000000 1.000000000
      454.30 0.000000000 1.000000000 0.000000000 0.000000000 1.000000000
      458.43 0.000000000 1.000000000 0.000000000 0.000000000 1.000000000
      462.56 0.000000000 1.000000000 0.000000000 0.000000000 1.000000000
      466.69 0.000000000 1.000000000 0.000000000 0.000000000 1.000000000
      470.82 0.000000000 1.000000000 0.000000000 0.000000000 1.000000000
      474.95 0.000000000 1.000000000 0.000000000 0.000000000 1.000000000
      479.08 0.000000000 1.000000000 0.000000000 0.000000000 1.000000000
      483.21 0.000000000 1.000000000 0.000000000 0.000000000 1.000000000
      487.34 0.000000000 1.000000000 0.000000000 0.000000000 1.000000000
      491.47 0.000000000 1.000000000 0.000000000 0.000000000 1.000000000
      495.60 0.000000000 1.000000000 0.000000000 0.000000000 1.000000000
      499.73 0.000000000 1.000000000 0.000000000 0.000000000 1.000000000
      503.86 0.000000000 1.000000000 0.000000000 0.000000000 1.000000000
      507.99 0.000000000 1.000000000 0.000000000 0.000000000 1.000000000
      512.12 0.000000000 1.000000000 0.000000000 0.000000000 1.000000000
      516.25 0.000000000 1.000000000 0.000000000 0.000000000 1.000000000
      520.38 0.000000000 1.000000000 0.000000000 0.000000000 1.000000000
      524.51 0.000000000 1.000000000 0.000000000 0.000000000 1.000000000
      528.64 0.000000000 1.000000000 0.000000000 0.000000000 1.000000000
      532.77 0.000000000 1.000000000 0.000000000 0.000000000 1.000000000
      536.90 0.000000000 1.000000000 0.000000000 0.000000000 1.000000000
      541.03 0.000000000 1.000000000 0.000000000 0.000000000 1.000000000
      545.16 0.000000000 1.000000000 0.000000000 0.000000000 1.000000000
      546.19 0.000000000 1.000000000 0.000000000 0.000000000 1.000000000
      547.22 0.000000000 1.000000000 0.000000000 0.000000000 1.000000000
      548.26 0.000000000 1.000000000 0.000000000 0.000000000 1.000000000
      549.29 0.000000000 0.999999976 0.000000000 0.000000024 1.000000000
      550.32 0.000000000 0.999999780 0.000000000 0.000000220 1.000000000
      551.35 0.000000000 0.999999388 0.000000000 0.000000612 1.000000000
      552.39 0.000000000 0.999998795 0.000000000 0.000001205 1.000000000
      553.42 0.000000000 0.999998000 0.000000000 0.000002000 1.000000000
      554.45 0.000000000 0.999997001 0.000000000 0.000002999 1.000000000
      555.48 0.000000000 0.999995795 0.000000000 0.000004205 1.000000000
      556.52 0.000000000 0.999994381 0.000000000 0.000005619 1.000000000
      557.55 0.000000000 0.999992755 0.000000000 0.000007245 1.000000000
      558.58 0.000000000 0.999990917 0.000000000 0.000009083 1.000000000
      559.61 0.000000000 0.999988862 0.000000000 0.000011138 1.000000000
      560.65 0.000000000 0.999986591 0.000000000 0.000013409 1.000000000
      561.68 0.000000000 0.999984099 0.000000000 0.000015901 1.000000000
      562.71 0.000000000 0.999981386 0.000000000 0.000018614 1.000000000
      563.75 0.000000000 0.999978450 0.000000000 0.000021550 1.000000000
      564.78 0.000000000 0.999975288 0.000000000 0.000024712 1.000000000
      565.81 0.000000000 0.999971898 0.000000000 0.000028102 1.000000000
      566.84 0.000000000 0.999968278 0.000000000 0.000031722 1.000000000
      567.88 0.000000000 0.999964427 0.000000000 0.000035573 1.000000000
      568.91 0.000000000 0.999960343 0.000000000 0.000039657 1.000000000
      569.94 0.000000000 0.999956023 0.000000000 0.000043977 1.000000000
      570.97 0.000000000 0.999951466 0.000000000 0.000048534 1.000000000
      572.01 0.000000000 0.999946671 0.000000000 0.000053329 1.000000000
      573.04 0.000000000 0.999941634 0.000000000 0.000058366 1.000000000
      574.07 0.000000000 0.999936356 0.000000000 0.000063644 1.000000000
      575.10 0.000000000 0.999930833 0.000000000 0.000069167 1.000000000
      576.14 0.000000000 0.999925065 0.000000000 0.000074935 1.000000000
      577.17 0.000000000 0.999919049 0.000000000 0.000080951 1.000000000
      578.20 0.000000000 0.999912784 0.000000000 0.000087216 1.000000000
      579.23 0.000000000 0.999906269 0.000000000 0.000093731 1.000000000
      580.27 0.000000000 0.999899501 0.000000000 0.000100499 1.000000000
      581.30 0.000000000 0.999892480 0.000000000 0.000107520 1.000000000
      582.33 0.000000000 0.999885203 0.000000000 0.000114797 1.000000000
      583.36 0.000000000 0.999877670 0.000000000 0.000122330 1.000000000
      584.40 0.000000000 0.999869878 0.000000000 0.000130122 1.000000000
      585.43 0.000000000 0.999861827 0.000000000 0.000138173 1.000000000
      586.46 0.000000000 0.999853514 0.000000000 0.000146486 1.000000000
      587.49 0.000000000 0.999844939 0.000000000 0.000155061 1.000000000
      588.53 0.000000000 0.999836100 0.000000000 0.000163900 1.000000000
      589.56 0.000000000 0.999826996 0.000000000 0.000173004 1.000000000
      590.59 0.000000000 0.999817625 0.000000000 0.000182375 1.000000000
      591.62 0.000000000 0.999807986 0.000000000 0.000192014 1.000000000
      592.66 0.000000000 0.999798078 0.000000000 0.000201922 1.000000000
      593.69 0.000000000 0.999787900 0.000000000 0.000212100 1.000000000
      594.72 0.000000000 0.999777449 0.000000000 0.000222551 1.000000000
      595.75 0.000000000 0.999766725 0.000000000 0.000233275 1.000000000
      596.79 0.000000000 0.999755727 0.000000000 0.000244273 1.000000000
      597.82 0.000000000 0.999744452 0.000000000 0.000255548 1.000000000
      598.85 0.000000000 0.999732901 0.000000000 0.000267099 1.000000000
      599.88 0.000000000 0.999721072 0.000000000 0.000278928 1.000000000
      600.92 0.000000000 0.999708963 0.000000000 0.000291037 1.000000000
      601.95 0.000000000 0.999696573 0.000000000 0.000303427 1.000000000
      602.98 0.000000000 0.999683901 0.000000000 0.000316099 1.000000000
      604.01 0.000000000 0.999670946 0.000000000 0.000329054 1.000000000
      605.05 0.000000000 0.999657707 0.000000000 0.000342293 1.000000000
      606.08 0.000000000 0.999644181 0.000000000 0.000355819 1.000000000
      607.11 0.000000000 0.999630369 0.000000000 0.000369631 1.000000000
      608.14 0.000000000 0.999616269 0.000000000 0.000383731 1.000000000
      609.18 0.000000000 0.999601879 0.000000000 0.000398121 1.000000000
      610.21 0.000000000 0.999587198 0.000000000 0.000412802 1.000000000
      611.24 0.000000000 0.999572225 0.000000000 0.000427775 1.000000000
      612.27 0.000000000 0.999556959 0.000000000 0.000443041 1.000000000
      613.31 0.000000000 0.999541399 0.000000000 0.000458601 1.000000000
      614.34 0.000000000 0.999525542 0.000000000 0.000474458 1.000000000
      615.37 0.000000000 0.999509389 0.000000000 0.000490611 1.000000000
      616.40 0.000000000 0.999492937 0.000000000 0.000507063 1.000000000
      617.44 0.000000000 0.999476185 0.000000000 0.000523815 1.000000000
      618.47 0.000000000 0.999459133 0.000000000 0.000540867 1.000000000
      619.50 0.000000000 0.999441778 0.000000000 0.000558222 1.000000000
      620.53 0.000000000 0.999424119 0.000000000 0.000575881 1.000000000
      621.57 0.000000000 0.999406155 0.000000000 0.000593845 1.000000000
      622.60 0.000000000 0.999387885 0.000000000 0.000612115 1.000000000
      623.63 0.000000000 0.999369306 0.000000000 0.000630694 1.000000000
      624.66 0.000000000 0.999350419 0.000000000 0.000649581 1.000000000
      625.70 0.000000000 0.999331221 0.000000000 0.000668779 1.000000000
      626.73 0.000000000 0.999311710 0.000000000 0.000688290 1.000000000
      627.76 0.000000000 0.999291886 0.000000000 0.000708114 1.000000000
      628.79 0.000000000 0.999271747 0.000000000 0.000728253 1.000000000
      629.83 0.000000000 0.999251292 0.000000000 0.000748708 1.000000000
      630.86 0.000000000 0.999230518 0.000000000 0.000769482 1.000000000
      631.89 0.000000000 0.999209425 0.000000000 0.000790575 1.000000000
      632.92 0.000000000 0.999188010 0.000000000 0.000811990 1.000000000
      633.96 0.000000000 0.999166273 0.000000000 0.000833727 1.000000000
      634.99 0.000000000 0.999144211 0.000000000 0.000855789 1.000000000
      636.02 0.000000000 0.999121824 0.000000000 0.000878176 1.000000000
      637.05 0.000000000 0.999099109 0.000000000 0.000900891 1.000000000
      638.09 0.000000000 0.999076066 0.000000000 0.000923934 1.000000000
      639.12 0.000000000 0.999052691 0.000000000 0.000947309 1.000000000
      640.15 0.000000000 0.999028984 0.000000000 0.000971016 1.000000000
      641.18 0.000000000 0.999004943 0.000000000 0.000995057 1.000000000
      642.22 0.000000000 0.998980566 0.000000000 0.001019434 1.000000000
      643.25 0.000000000 0.998955852 0.000000000 0.001044148 1.000000000
      644.28 0.000000000 0.998930799 0.000000000 0.001069201 1.000000000
      645.31 0.000000000 0.998905404 0.000000000 0.001094596 1.000000000
      646.35 0.000000000 0.998879668 0.000000000 0.001120332 1.000000000
      647.38 0.000000000 0.998853586 0.000000000 0.001146414 1.000000000
      648.41 0.000000000 0.998827159 0.000000000 0.001172841 1.000000000
      649.44 0.000000000 0.998800384 0.000000000 0.001199616 1.000000000
      650.48 0.000000000 0.998773259 0.000000000 0.001226741 1.000000000
      651.51 0.000000000 0.998745783 0.000000000 0.001254217 1.000000000
      652.54 0.000000000 0.998717953 0.000000000 0.001282047 1.000000000
      653.57 0.000000000 0.998689768 0.000000000 0.001310232 1.000000000
      654.61 0.000000000 0.998661227 0.000000000 0.001338773 1.000000000
      655.64 0.000000000 0.998632327 0.000000000 0.001367673 1.000000000
      656.67 0.000000000 0.998603066 0.000000000 0.001396934 1.000000000
      657.70 0.000000000 0.998573443 0.000000000 0.001426557 1.000000000
      658.74 0.000000000 0.998543456 0.000000000 0.001456544 1.000000000
      659.77 0.000000000 0.998513102 0.000000000 0.001486898 1.000000000
      660.80 0.000000000 0.998482381 0.000000000 0.001517619 1.000000000
      661.83 0.000000000 0.998451291 0.000000000 0.001548709 1.000000000
      662.87 0.000000000 0.998419829 0.000000000 0.001580171 1.000000000
      663.90 0.000000000 0.998387993 0.000000000 0.001612007 1.000000000
      664.93 0.000000000 0.998355783 0.000000000 0.001644217 1.000000000
      665.96 0.000000000 0.998323196 0.000000000 0.001676804 1.000000000
      667.00 0.000000000 0.998290230 0.000000000 0.001709770 1.000000000
      668.03 0.000000000 0.998256884 0.000000000 0.001743116 1.000000000
      669.06 0.000000000 0.998223155 0.000000000 0.001776845 1.000000000
      670.09 0.000000000 0.998189043 0.000000000 0.001810957 1.000000000
      671.13 0.000000000 0.998154545 0.000000000 0.001845455 1.000000000
      672.16 0.000000000 0.998119659 0.000000000 0.001880341 1.000000000
      673.19 0.000000000 0.998084384 0.000000000 0.001915616 1.000000000
      674.22 0.000000000 0.998048719 0.000000000 0.001951281 1.000000000
      675.26 0.000000000 0.998012661 0.000000000 0.001987339 1.000000000
      676.29 0.000000000 0.997976208 0.000000000 0.002023792 1.000000000
      677.32 0.000000000 0.997939360 0.000000000 0.002060640 1.000000000
      678.35 0.000000000 0.997902114 0.000000000 0.002097886 1.000000000
      679.39 0.000000000 0.997864470 0.000000000 0.002135530 1.000000000
      680.42 0.000000000 0.997826425 0.000000000 0.002173575 1.000000000
      681.45 0.000000000 0.997787977 0.000000000 0.002212023 1.000000000
      682.48 0.000000000 0.997749126 0.000000000 0.002250874 1.000000000
      683.52 0.000000000 0.997709870 0.000000000 0.002290130 1.000000000
      684.55 0.000000000 0.997670207 0.000000000 0.002329793 1.000000000
      685.58 0.000000000 0.997630137 0.000000000 0.002369863 1.000000000
      686.61 0.000000000 0.997589657 0.000000000 0.002410343 1.000000000
      687.65 0.000000000 0.997548766 0.000000000 0.002451234 1.000000000
      688.68 0.000000000 0.997507463 0.000000000 0.002492537 1.000000000
      689.71 0.000000000 0.997465747 0.000000000 0.002534253 1.000000000
      690.74 0.000000000 0.997423616 0.000000000 0.002576384 1.000000000
      691.78 0.000000000 0.997381070 0.000000000 0.002618930 1.000000000
      692.81 0.000000000 0.997338107 0.000000000 0.002661893 1.000000000
      693.84 0.000000000 0.997294726 0.000000000 0.002705274 1.000000000
      694.87 0.000000000 0.997250926 0.000000000 0.002749074 1.000000000
      695.91 0.000000000 0.997206706 0.000000000 0.002793294 1.000000000
      696.94 0.000000000 0.997162065 0.000000000 0.002837935 1.000000000
      697.97 0.000000000 0.997117002 0.000000000 0.002882998 1.000000000
      699.00 0.000000000 0.997071517 0.000000000 0.002928483 1.000000000
      700.04 0.000000000 0.997025608 0.000000000 0.002974392 1.000000000
      701.07 0.000000000 0.996979274 0.000000000 0.003020726 1.000000000
      702.10 0.000000000 0.996932516 0.000000000 0.003067484 1.000000000
      703.13 0.000000000 0.996885332 0.000000000 0.003114668 1.000000000
      704.17 0.000000000 0.996837721 0.000000000 0.003162279 1.000000000
      705.20 0.000000000 0.996789684 0.000000000 0.003210316 1.000000000
      706.23 0.000000000 0.996741219 0.000000000 0.003258781 1.000000000
      707.26 0.000000000 0.996692327 0.000000000 0.003307673 1.000000000
      708.30 0.000000000 0.996643006 0.000000000 0.003356994 1.000000000
      709.33 0.000000000 0.996593257 0.000000000 0.003406743 1.000000000
      710.36 0.000000000 0.996543079 0.000000000 0.003456921 1.000000000
      711.39 0.000000000 0.996492472 0.000000000 0.003507528 1.000000000
      712.43 0.000000000 0.996441437 0.000000000 0.003558563 1.000000000
      713.46 0.000000000 0.996389972 0.000000000 0.003610028 1.000000000
      714.49 0.000000000 0.996338078 0.000000000 0.003661922 1.000000000
      715.52 0.000000000 0.996285755 0.000000000 0.003714245 1.000000000
      716.56 0.000000000 0.996233002 0.000000000 0.003766998 1.000000000
      717.59 0.000000000 0.996179822 0.000000000 0.003820178 1.000000000
      718.62 0.000000000 0.996126212 0.000000000 0.003873788 1.000000000
      719.65 0.000000000 0.996072175 0.000000000 0.003927825 1.000000000
      720.69 0.000000000 0.996017709 0.000000000 0.003982291 1.000000000
      721.72 0.000000000 0.995962817 0.000000000 0.004037183 1.000000000
      722.75 0.000000000 0.995907497 0.000000000 0.004092503 1.000000000
      723.78 0.000000000 0.995851751 0.000000000 0.004148249 1.000000000
      724.82 0.000000000 0.995795580 0.000000000 0.004204420 1.000000000
      725.85 0.000000000 0.995738984 0.000000000 0.004261016 1.000000000
      726.88 0.000000000 0.995681963 0.000000000 0.004318037 1.000000000
      727.91 0.000000000 0.995624520 0.000000000 0.004375480 1.000000000
      728.95 0.000000000 0.995566654 0.000000000 0.004433346 1.000000000
      729.98 0.000000000 0.995508367 0.000000000 0.004491633 1.000000000
      731.01 0.000000000 0.995449660 0.000000000 0.004550340 1.000000000
      732.04 0.000000000 0.995390533 0.000000000 0.004609467 1.000000000
      733.08 0.000000000 0.995330989 0.000000000 0.004669011 1.000000000
      734.11 0.000000000 0.995271028 0.000000000 0.004728972 1.000000000
      735.14 0.000000000 0.995210652 0.000000000 0.004789348 1.000000000
      736.17 0.000000000 0.995149862 0.000000000 0.004850138 1.000000000
      737.21 0.000000000 0.995088660 0.000000000 0.004911340 1.000000000
      738.24 0.000000000 0.995027047 0.000000000 0.004972953 1.000000000
      739.27 0.000000000 0.994965025 0.000000000 0.005034975 1.000000000
      740.30 0.000000000 0.994902595 0.000000000 0.005097405 1.000000000
      741.34 0.000000000 0.994839760 0.000000000 0.005160240 1.000000000
      742.37 0.000000000 0.994776521 0.000000000 0.005223479 1.000000000
      743.40 0.000000000 0.994712880 0.000000000 0.005287120 1.000000000
      744.43 0.000000000 0.994648840 0.000000000 0.005351160 1.000000000
      745.47 0.000000000 0.994584401 0.000000000 0.005415599 1.000000000
      746.50 0.000000000 0.994519567 0.000000000 0.005480433 1.000000000
      747.53 0.000000000 0.994454339 0.000000000 0.005545661 1.000000000
      748.56 0.000000000 0.994388720 0.000000000 0.005611280 1.000000000
      749.60 0.000000000 0.994322711 0.000000000 0.005677289 1.000000000
      750.63 0.000000000 0.994256317 0.000000000 0.005743683 1.000000000
      751.66 0.000000000 0.994189538 0.000000000 0.005810462 1.000000000
      752.69 0.000000000 0.994122377 0.000000000 0.005877623 1.000000000
      753.73 0.000000000 0.994054838 0.000000000 0.005945162 1.000000000
      754.76 0.000000000 0.993986922 0.000000000 0.006013078 1.000000000
      755.79 0.000000000 0.993918632 0.000000000 0.006081368 1.000000000
      756.82 0.000000000 0.993849972 0.000000000 0.006150028 1.000000000
      757.86 0.000000000 0.993780944 0.000000000 0.006219056 1.000000000
      758.89 0.000000000 0.993711550 0.000000000 0.006288450 1.000000000
      759.92 0.000000000 0.993641795 0.000000000 0.006358205 1.000000000
      760.95 0.000000000 0.993571680 0.000000000 0.006428320 1.000000000
      761.99 0.000000000 0.993501209 0.000000000 0.006498791 1.000000000
      763.02 0.000000000 0.993430386 0.000000000 0.006569614 1.000000000
      764.05 0.000000000 0.993359213 0.000000000 0.006640787 1.000000000
      765.08 0.000000000 0.993287693 0.000000000 0.006712307 1.000000000
      766.12 0.000000000 0.993215831 0.000000000 0.006784169 1.000000000
      767.15 0.000000000 0.993143628 0.000000000 0.006856372 1.000000000
      768.18 0.000000000 0.993071090 0.000000000 0.006928910 1.000000000
      769.21 0.000000000 0.992998219 0.000000000 0.007001781 1.000000000
      770.25 0.000000000 0.992925019 0.000000000 0.007074981 1.000000000
      771.28 0.000000000 0.992851493 0.000000000 0.007148507 1.000000000
      772.31 0.000000000 0.992777646 0.000000000 0.007222354 1.000000000
      773.34 0.000000000 0.992703480 0.000000000 0.007296520 1.000000000
      774.38 0.000000000 0.992629000 0.000000000 0.007371000 1.000000000
      775.41 0.000000000 0.992554210 0.000000000 0.007445790 1.000000000
      776.44 0.000000000 0.992479113 0.000000000 0.007520887 1.000000000
      777.47 0.000000000 0.992403713 0.000000000 0.007596287 1.000000000
      778.51 0.000000000 0.992328015 0.000000000 0.007671985 1.000000000
      779.54 0.000000000 0.992252021 0.000000000 0.007747979 1.000000000
      780.57 0.000000000 0.992175737 0.000000000 0.007824263 1.000000000
      781.60 0.000000000 0.992099167 0.000000000 0.007900833 1.000000000
      782.64 0.000000000 0.992022314 0.000000000 0.007977686 1.000000000
      783.67 0.000000000 0.991945183 0.000000000 0.008054817 1.000000000
      784.70 0.000000000 0.991867777 0.000000000 0.008132223 1.000000000
      785.73 0.000000000 0.991790102 0.000000000 0.008209898 1.000000000
      786.77 0.000000000 0.991712162 0.000000000 0.008287838 1.000000000
      787.80 0.000000000 0.991633961 0.000000000 0.008366039 1.000000000
      788.83 0.000000000 0.991555502 0.000000000 0.008444498 1.000000000
      789.86 0.000000000 0.991476792 0.000000000 0.008523208 1.000000000
      790.90 0.000000000 0.991397834 0.000000000 0.008602166 1.000000000
      791.93 0.000000000 0.991318632 0.000000000 0.008681368 1.000000000
      792.96 0.000000000 0.991239192 0.000000000 0.008760808 1.000000000
      793.99 0.000000000 0.991159517 0.000000000 0.008840483 1.000000000
      795.03 0.000000000 0.991079613 0.000000000 0.008920387 1.000000000
      796.06 0.000000000 0.990999484 0.000000000 0.009000516 1.000000000
      797.09 0.000000000 0.990919134 0.000000000 0.009080866 1.000000000
      798.12 0.000000000 0.990838569 0.000000000 0.009161431 1.000000000
      799.16 0.000000000 0.990757792 0.000000000 0.009242208 1.000000000
      800.19 0.000000000 0.990676809 0.000000000 0.009323191 1.000000000
      801.22 0.000000000 0.990595625 0.000000000 0.009404375 1.000000000
      802.25 0.000000000 0.990514244 0.000000000 0.009485756 1.000000000
      803.29 0.000000000 0.990432671 0.000000000 0.009567329 1.000000000
      804.32 0.000000000 0.990350910 0.000000000 0.009649090 1.000000000
      805.35 0.000000000 0.990268967 0.000000000 0.009731033 1.000000000
      806.38 0.000000000 0.990186847 0.000000000 0.009813153 1.000000000
      807.42 0.000000000 0.990104554 0.000000000 0.009895446 1.000000000
      808.45 0.000000000 0.990022093 0.000000000 0.009977907 1.000000000
      809.48 0.000000000 0.989939469 0.000000000 0.010060531 1.000000000
      810.51 0.000000000 0.989856686 0.000000000 0.010143314 1.000000000
      811.55 0.000000000 0.989773751 0.000000000 0.010226249 1.000000000
      812.58 0.000000000 0.989690667 0.000000000 0.010309333 1.000000000
      813.61 0.000000000 0.989607440 0.000000000 0.010392560 1.000000000
      814.64 0.000000000 0.989524075 0.000000000 0.010475925 1.000000000
      815.68 0.000000000 0.989440576 0.000000000 0.010559424 1.000000000
      816.71 0.000000000 0.989356948 0.000000000 0.010643052 1.000000000
      817.74 0.000000000 0.989273197 0.000000000 0.010726803 1.000000000
      818.77 0.000000000 0.989189327 0.000000000 0.010810673 1.000000000
      819.81 0.000000000 0.989105344 0.000000000 0.010894656 1.000000000
      820.84 0.000000000 0.989021251 0.000000000 0.010978749 1.000000000
      821.87 0.000000000 0.988937055 0.000000000 0.011062945 1.000000000
      822.90 0.000000000 0.988852760 0.000000000 0.011147240 1.000000000
      823.94 0.000000000 0.988768370 0.000000000 0.011231630 1.000000000
      824.97 0.000000000 0.988683892 0.000000000 0.011316108 1.000000000
      826.00 0.000000000 0.988599330 0.000000000 0.011400670 1.000000000
      827.03 0.000000000 0.988514688 0.000000000 0.011485312 1.000000000
      828.07 0.000000000 0.988429972 0.000000000 0.011570028 1.000000000
      829.10 0.000000000 0.988345187 0.000000000 0.011654813 1.000000000
      830.13 0.000000000 0.988260337 0.000000000 0.011739663 1.000000000
      831.16 0.000000000 0.988175428 0.000000000 0.011824572 1.000000000
      832.20 0.000000000 0.988090464 0.000000000 0.011909536 1.000000000
      833.23 0.000000000 0.988005450 0.000000000 0.011994550 1.000000000
      834.26 0.000000000 0.987920391 0.000000000 0.012079609 1.000000000
      835.29 0.000000000 0.987835292 0.000000000 0.012164708 1.000000000
      836.33 0.000000000 0.987750158 0.000000000 0.012249842 1.000000000
      837.36 0.000000000 0.987664994 0.000000000 0.012335006 1.000000000
      838.39 0.000000000 0.987579803 0.000000000 0.012420197 1.000000000
      839.42 0.000000000 0.987494592 0.000000000 0.012505408 1.000000000
      840.46 0.000000000 0.987409365 0.000000000 0.012590635 1.000000000
      841.49 0.000000000 0.987324127 0.000000000 0.012675873 1.000000000
      842.52 0.000000000 0.987238882 0.000000000 0.012761118 1.000000000
      843.55 0.000000000 0.987153635 0.000000000 0.012846365 1.000000000
      844.59 0.000000000 0.987068392 0.000000000 0.012931608 1.000000000
      845.62 0.000000000 0.986983156 0.000000000 0.013016844 1.000000000
      846.65 0.000000000 0.986897932 0.000000000 0.013102068 1.000000000
      847.68 0.000000000 0.986812725 0.000000000 0.013187275 1.000000000
      848.72 0.000000000 0.986727540 0.000000000 0.013272460 1.000000000
      849.75 0.000000000 0.986642381 0.000000000 0.013357619 1.000000000
      850.78 0.000000000 0.986557253 0.000000000 0.013442747 1.000000000
      851.81 0.000000000 0.986472160 0.000000000 0.013527840 1.000000000
      852.85 0.000000000 0.986387107 0.000000000 0.013612893 1.000000000
      853.88 0.000000000 0.986302100 0.000000000 0.013697900 1.000000000
      854.91 0.000000000 0.986217141 0.000000000 0.013782859 1.000000000
      855.94 0.000000000 0.986132236 0.000000000 0.013867764 1.000000000
      856.98 0.000000000 0.986047389 0.000000000 0.013952611 1.000000000
      858.01 0.000000000 0.985962605 0.000000000 0.014037395 1.000000000
      859.04 0.000000000 0.985877889 0.000000000 0.014122111 1.000000000
      860.07 0.000000000 0.985793244 0.000000000 0.014206756 1.000000000
      861.11 0.000000000 0.985708675 0.000000000 0.014291325 1.000000000
      862.14 0.000000000 0.985624187 0.000000000 0.014375813 1.000000000
      863.17 0.000000000 0.985539784 0.000000000 0.014460216 1.000000000
      864.20 0.000000000 0.985455470 0.000000000 0.014544530 1.000000000
      865.24 0.000000000 0.985371251 0.000000000 0.014628749 1.000000000
      866.27 0.000000000 0.985287129 0.000000000 0.014712871 1.000000000
      867.30 0.000000000 0.985203111 0.000000000 0.014796889 1.000000000
      868.33 0.000000000 0.985119199 0.000000000 0.014880801 1.000000000
      869.37 0.000000000 0.985035399 0.000000000 0.014964601 1.000000000
      870.40 0.000000000 0.984951715 0.000000000 0.015048285 1.000000000
      871.43 0.000000000 0.984868151 0.000000000 0.015131849 1.000000000
      872.46 0.000000000 0.984784712 0.000000000 0.015215288 1.000000000
      873.50 0.000000000 0.984701402 0.000000000 0.015298598 1.000000000
      874.53 0.000000000 0.984618225 0.000000000 0.015381775 1.000000000
      875.56 0.000000000 0.984535186 0.000000000 0.015464814 1.000000000
      876.59 0.000000000 0.984452288 0.000000000 0.015547712 1.000000000
      877.63 0.000000000 0.984369538 0.000000000 0.015630462 1.000000000
      878.66 0.000000000 0.984286938 0.000000000 0.015713062 1.000000000
      879.69 0.000000000 0.984204493 0.000000000 0.015795507 1.000000000
      880.72 0.000000000 0.984122207 0.000000000 0.015877793 1.000000000
      881.76 0.000000000 0.984040086 0.000000000 0.015959914 1.000000000
      882.79 0.000000000 0.983958133 0.000000000 0.016041867 1.000000000
      883.82 0.000000000 0.983876353 0.000000000 0.016123647 1.000000000
      884.85 0.000000000 0.983794750 0.000000000 0.016205250 1.000000000
      885.89 0.000000000 0.983713328 0.000000000 0.016286672 1.000000000
      886.92 0.000000000 0.983632093 0.000000000 0.016367907 1.000000000
      887.95 0.000000000 0.983551048 0.000000000 0.016448952 1.000000000
      888.98 0.000000000 0.983470198 0.000000000 0.016529802 1.000000000
      890.02 0.000000000 0.983389548 0.000000000 0.016610452 1.000000000
      891.05 0.000000000 0.983309102 0.000000000 0.016690898 1.000000000
      892.08 0.000000000 0.983228864 0.000000000 0.016771136 1.000000000
      893.11 0.000000000 0.983148840 0.000000000 0.016851160 1.000000000
      894.15 0.000000000 0.983069034 0.000000000 0.016930966 1.000000000
      895.18 0.000000000 0.982989450 0.000000000 0.017010550 1.000000000
      896.21 0.000000000 0.982910093 0.000000000 0.017089907 1.000000000
      897.24 0.000000000 0.982830968 0.000000000 0.017169032 1.000000000
      898.28 0.000000000 0.982752080 0.000000000 0.017247920 1.000000000
      899.31 0.000000000 0.982673434 0.000000000 0.017326566 1.000000000
      900.34 0.000000000 0.982595033 0.000000000 0.017404967 1.000000000
      901.37 0.000000000 0.982516884 0.000000000 0.017483116 1.000000000
      902.41 0.000000000 0.982438990 0.000000000 0.017561010 1.000000000
      903.44 0.000000000 0.982361358 0.000000000 0.017638642 1.000000000
      904.47 0.000000000 0.982283992 0.000000000 0.017716008 1.000000000
      905.50 0.000000000 0.982206896 0.000000000 0.017793104 1.000000000
      906.54 0.000000000 0.982130077 0.000000000 0.017869923 1.000000000
      907.57 0.000000000 0.982053539 0.000000000 0.017946461 1.000000000
      908.60 0.000000000 0.981977287 0.000000000 0.018022713 1.000000000
      909.63 0.000000000 0.981901326 0.000000000 0.018098674 1.000000000
      910.67 0.000000000 0.981825663 0.000000000 0.018174337 1.000000000
      911.70 0.000000000 0.981750302 0.000000000 0.018249698 1.000000000
      912.73 0.000000000 0.981675248 0.000000000 0.018324752 1.000000000
      913.76 0.000000000 0.981600507 0.000000000 0.018399493 1.000000000
      914.80 0.000000000 0.981526085 0.000000000 0.018473915 1.000000000
      915.83 0.000000000 0.981451987 0.000000000 0.018548013 1.000000000
      916.86 0.000000000 0.981378219 0.000000000 0.018621781 1.000000000
      917.89 0.000000000 0.981304786 0.000000000 0.018695214 1.000000000
      918.93 0.000000000 0.981231694 0.000000000 0.018768306 1.000000000
      919.96 0.000000000 0.981158949 0.000000000 0.018841051 1.000000000
      920.99 0.000000000 0.981086556 0.000000000 0.018913444 1.000000000
      922.02 0.000000000 0.981014523 0.000000000 0.018985477 1.000000000
      923.06 0.000000000 0.980942853 0.000000000 0.019057147 1.000000000
      924.09 0.000000000 0.980871555 0.000000000 0.019128445 1.000000000
      925.12 0.000000000 0.980800632 0.000000000 0.019199368 1.000000000
      926.15 0.000000000 0.980730093 0.000000000 0.019269907 1.000000000
      927.19 0.000000000 0.980659943 0.000000000 0.019340057 1.000000000
      928.22 0.000000000 0.980590187 0.000000000 0.019409813 1.000000000
      929.25 0.000000000 0.980520834 0.000000000 0.019479166 1.000000000
      930.28 0.000000000 0.980451888 0.000000000 0.019548112 1.000000000
      931.32 0.000000000 0.980383356 0.000000000 0.019616644 1.000000000
      932.35 0.000000000 0.980315245 0.000000000 0.019684755 1.000000000
      933.38 0.000000000 0.980247561 0.000000000 0.019752439 1.000000000
      934.41 0.000000000 0.980180311 0.000000000 0.019819689 1.000000000
      935.45 0.000000000 0.980113501 0.000000000 0.019886499 1.000000000
      936.48 0.000000000 0.980047139 0.000000000 0.019952861 1.000000000
      937.51 0.000000000 0.979981230 0.000000000 0.020018770 1.000000000
      938.54 0.000000000 0.979915782 0.000000000 0.020084218 1.000000000
      939.58 0.000000000 0.979850801 0.000000000 0.020149199 1.000000000
      940.61 0.000000000 0.979786294 0.000000000 0.020213706 1.000000000
      941.64 0.000000000 0.979722268 0.000000000 0.020277732 1.000000000
      942.67 0.000000000 0.979658730 0.000000000 0.020341270 1.000000000
      943.71 0.000000000 0.979595687 0.000000000 0.020404313 1.000000000
      944.74 0.000000000 0.979533146 0.000000000 0.020466854 1.000000000
      945.77 0.000000000 0.979471114 0.000000000 0.020528886 1.000000000
      946.80 0.000000000 0.979409597 0.000000000 0.020590403 1.000000000
      947.84 0.000000000 0.979348603 0.000000000 0.020651397 1.000000000
      948.87 0.000000000 0.979288140 0.000000000 0.020711860 1.000000000
      949.90 0.000000000 0.979228213 0.000000000 0.020771787 1.000000000
      950.93 0.000000000 0.979168830 0.000000000 0.020831170 1.000000000
      951.97 0.000000000 0.979109999 0.000000000 0.020890001 1.000000000
      953.00 0.000000000 0.979051726 0.000000000 0.020948274 1.000000000
      954.03 0.000000000 0.978994019 0.000000000 0.021005981 1.000000000
      955.06 0.000000000 0.978936884 0.000000000 0.021063116 1.000000000
      956.10 0.000000000 0.978880329 0.000000000 0.021119671 1.000000000
      957.13 0.000000000 0.978824360 0.000000000 0.021175640 1.000000000
      958.16 0.000000000 0.978768986 0.000000000 0.021231014 1.000000000
      959.19 0.000000000 0.978714213 0.000000000 0.021285787 1.000000000
      960.23 0.000000000 0.978660047 0.000000000 0.021339953 1.000000000
      961.26 0.000000000 0.978606497 0.000000000 0.021393503 1.000000000
      962.29 0.000000000 0.978553569 0.000000000 0.021446431 1.000000000
      963.32 0.000000000 0.978501270 0.000000000 0.021498730 1.000000000
      964.36 0.000000000 0.978449607 0.000000000 0.021550393 1.000000000
      965.39 0.000000000 0.978398588 0.000000000 0.021601412 1.000000000
      966.42 0.000000000 0.978348218 0.000000000 0.021651782 1.000000000
      967.45 0.000000000 0.978298505 0.000000000 0.021701495 1.000000000
      968.49 0.000000000 0.978249456 0.000000000 0.021750544 1.000000000
      969.52 0.000000000 0.978201077 0.000000000 0.021798923 1.000000000
      970.55 0.000000000 0.978153375 0.000000000 0.021846625 1.000000000
      971.58 0.000000000 0.978106357 0.000000000 0.021893643 1.000000000
